300
33334
11333
23401
04312
33444
43210
01122
31024
10234
33344
11144
34012
11334
40312
00244
10243
12043
11134
30412
12304
23401
43012
01122
01122
00344
41023
00344
31420
00233
24301
01324
13042
20431
00344
30412
22222
42103
34120
22234
00033
00111
00222
13420
31024
20413
33333
02314
14032
11144
34210
00033
02344
12444
41023
01344
04444
03124
03344
11344
02244
31240
01114
03412
02244
01423
41032
00014
02234
12344
30214
12344
04123
34021
23410
40213
24013
31024
12224
01112
04444
32041
01423
00224
04312
12034
00001
12340
00002
30142
34102
41302
22334
30421
22333
34102
30214
01224
11113
31042
01222
23410
00000
10324
00224
03142
00123
23401
00224
31420
42013
03412
02444
30124
00002
02143
43120
31024
14320
23333
11124
00233
02244
10423
31402
24013
14203
40312
00000
40123
11444
03421
22234
01113
41023
20143
04132
21430
12043
23014
10324
02413
41203
21304
22223
03333
01234
12222
00012
01342
31402
11244
14203
02314
12403
11111
11133
02413
00223
14444
00024
14203
33334
20341
00001
12430
32140
11133
11111
02431
11444
31402
02444
01334
41302
12233
21403
01423
14320
11144
40123
01233
23410
02413
42130
12304
33444
10324
22223
01423
10243
23444
42310
11113
41230
42130
30124
01223
12344
14320
24444
00111
12223
13042
43012
02233
01123
23140
21403
11224
32410
31204
12233
12034
04213
11224
32140
22234
00134
12222
02413
14302
02134
12344
24444
11233
00122
43210
01244
03241
00222
20143
00023
11133
01243
40312
23333
42013
41203
43102
12043
01444
04231
20341
42310
02222
41032
32401
04132
11112
03412
12304
41302
23334
31240
02413
13334
30124
23333
04312
00334
02334
00013
01222
02244
22444
00013
12444
12430
22334
40123
34444
33344
12043
31402
24103
22244
12043
03241
33444
12233
30241
00134
02244
02333
00033
40213
11113
03421
40132
01114
42031
01113
10234
23140
32401
12340
11113
24031
11444
00013